Ba: 5s5p6s                              
   1356.00   .002000 137.32700 125.   .50E-04 .100  400FPE 46.00000
   .7  1.0   0
  1.0   .0   .5-2724.1466 2.0000
  2.0   .0   .5 -431.0683 2.0000
  2.0  1.0  1.5 -386.9323 6.0000
  3.0   .0   .5  -91.0505 2.0000
  3.0  1.0  1.5  -76.8516 6.0000
  3.0  2.0  2.5  -56.165810.0000
  4.0   .0   .5  -17.8684 2.0000
  4.0  1.0  1.5  -13.2783 6.0000
  4.0  2.0  2.5   -6.594510.0000
  5.0   .0   .5   -2.4674 2.0000
  6.0   .0   .5    -.2370 1.9900
  5.0  1.0  1.5   -1.3755 6.0000
  5.0  2.0  2.5    -.1495  .0100
