X : s2p6                                
   1354.00   .002000 131.29400 125.   .10E-05 .100  200FPE 46.00000
   .7  1.0   0
  1.0   .0   .5-2513.4472 2.0000
  2.0   .0   .5 -391.6092 2.0000
  2.0  1.0  1.5 -351.7377 6.0000
  3.0   .0   .5  -80.1468 2.0000
  3.0  1.0  1.5  -67.2230 6.0000
  3.0  2.0  2.5  -47.997510.0000
  4.0   .0   .5  -14.4657 2.0000
  4.0  1.0  1.5  -10.3643 6.0000
  4.0  2.0  2.5   -4.369010.0000
  5.0   .0   .5   -1.4468 2.0000
  5.0  1.0   .5    -.6054 6.0000
  5.0  2.0  1.5   -1.0000  .0000
  4.0  3.0  2.5    -.5000  .0000
