Th:  [Xe,5d,4f]                         
   1890.00   .002000 232.03910 125.   .20E-05 .050  400FPE 78.00000
   .7  1.0   0
  1.0   .0   .5-8028.5945 2.0000
  2.0   .0   .5-1489.4324 2.0000
  2.0  1.0  1.5-1247.5147 6.0000
  3.0   .0   .5 -373.3572 2.0000
  3.0  1.0  1.5 -305.7373 6.0000
  3.0  2.0  2.5 -245.213110.0000
  4.0   .0   .5  -93.6708 2.0000
  4.0  1.0  1.5  -71.5358 6.0000
  4.0  2.0  2.5  -48.588010.0000
  4.0  3.0  3.5  -23.921414.0000
  5.0   .0   .5  -20.3940 2.0000
  5.0  1.0  1.5  -13.6503 6.0000
  5.0  2.0  2.5   -6.390210.0000
  6.0   .0   .5   -3.1670 2.0000
  7.0   .0   .5    -.2988 2.0000
  6.0  1.0  1.5   -1.5699 6.0000
  6.0  2.0  1.5    -.1755 1.0000
  5.0  3.0  2.5    -.1030 1.0000
