W : 5p6s5d                              
   1574.00   .002000 183.85000 125.   .50E-04 .050  400FPE 62.00000
   .7  1.0   0
  1.0   .0   .5-5074.7948 2.0000
  2.0   .0   .5 -876.6168 2.0000
  2.0  1.0  1.5 -767.4431 6.0000
  3.0   .0   .5 -201.8952 2.0000
  3.0  1.0  1.5 -169.4947 6.0000
  3.0  2.0  2.5 -132.177610.0000
  4.0   .0   .5  -41.5261 2.0000
  4.0  1.0  1.5  -30.8784 6.0000
  4.0  2.0  2.5  -17.352110.0000
  4.0  3.0  3.5   -2.316014.0000
  5.0   .0   .5   -5.6383 2.0000
  5.0  1.0  1.5   -3.0322 6.0000
  5.0  2.0  2.5    -.2452 5.0000
  6.0   .0   .5    -.3764 1.0000
  5.0  3.0  2.5    -.1000  .0000
