Eu : [core=Kr4d]                        
   1463.00   .002000 151.96500 125.   .50E-05 .100  800FPE 46.00000
   .7  1.0   0
  1.0   .0   .5-3553.9751 2.0000
  2.0   .0   .5 -583.5476 2.0000
  2.0  1.0  1.5 -519.8261 6.0000
  3.0   .0   .5 -128.4147 2.0000
  3.0  1.0  1.5 -108.5948 6.0000
  3.0  2.0  2.5  -82.131610.0000
  4.0   .0   .5  -25.4941 2.0000
  4.0  1.0  1.5  -18.9769 6.0000
  4.0  2.0  2.5   -9.905510.0000
  5.0   .0   .5   -3.2818 2.0000
  6.0   .0   .5    -.2663 2.0000
  5.0  1.0  1.5   -1.7466 6.0000
  5.0  2.0  2.5    -.0965  .0000
  4.0  3.0  2.5    -.2007 7.0000
