Re: 5p6s5d                              
   1575.00   .002000 186.20700 125.   .50E-04 .100  400FPE 62.00000
   .7  1.0   0
  1.0   .0   .5-5232.8556 2.0000
  2.0   .0   .5 -907.9959 2.0000
  2.0  1.0  1.5 -793.2198 6.0000
  3.0   .0   .5 -210.2163 2.0000
  3.0  1.0  1.5 -176.3013 6.0000
  3.0  2.0  2.5 -137.808210.0000
  4.0   .0   .5  -43.7326 2.0000
  4.0  1.0  1.5  -32.5879 6.0000
  4.0  2.0  2.5  -18.574810.0000
  4.0  3.0  3.5   -2.969014.0000
  5.0   .0   .5   -6.0736 2.0000
  5.0  1.0  1.5   -3.2954 6.0000
  5.0  2.0  2.5    -.2958 6.0000
  6.0   .0   .5    -.3874 1.0000
  5.0  3.0  2.5    -.1000  .0000
