Yb : [core=Xe4]                         
   1470.00   .002000 173.04000 125.   .10E-04 .100  400FPE 46.00000
   .7  1.0   0
  1.0   .0   .5-4499.6145 2.0000
  2.0   .0   .5 -762.2501 2.0000
  2.0  1.0  1.5 -671.6513 6.0000
  3.0   .0   .5 -171.8131 2.0000
  3.0  1.0  1.5 -144.5166 6.0000
  3.0  2.0  2.5 -111.335410.0000
  4.0   .0   .5  -33.8022 2.0000
  4.0  1.0  1.5  -24.8462 6.0000
  4.0  2.0  2.5  -13.071210.0000
  4.0  3.0  2.5    -.222914.0000
  5.0   .0   .5   -4.0353 2.0000
  6.0   .0   .5    -.2881 2.0000
  5.0  1.0  1.5   -2.0145 6.0000
  5.0  2.0  2.5    -.1502  .0000
