Ir: s1d8                                
   1677.00   .002000 192.22000 125.   .50E-04 .100  400FPE 68.00000
   .7  1.0   0
  1.0   .0   .5-5558.5873 2.0000
  2.0   .0   .5 -973.1040 2.0000
  2.0  1.0  1.5 -846.2623 6.0000
  3.0   .0   .5 -227.5927 2.0000
  3.0  1.0  1.5 -190.4300 6.0000
  3.0  2.0  2.5 -149.487210.0000
  4.0   .0   .5  -48.3946 2.0000
  4.0  1.0  1.5  -36.1847 6.0000
  4.0  2.0  2.5  -21.159310.0000
  4.0  3.0  3.5   -4.401814.0000
  5.0   .0   .5   -6.9744 2.0000
  5.0  1.0  1.5   -3.8297 6.0000
  5.0  2.0  2.5    -.3998 8.0000
  6.0   .0   .5    -.4056 1.0000
  6.0  1.0  1.5    -.5000  .0000
  5.0  3.0  2.5    -.1000  .0000
