W : 6s5d                                
   1674.00   .002000 183.85000 125.   .50E-04 .050  400FPE 68.00000
   .7  1.0   0
  1.0   .0   .5-5105.5764 2.0000
  2.0   .0   .5 -880.9656 2.0000
  2.0  1.0  1.5 -770.2481 6.0000
  3.0   .0   .5 -202.7864 2.0000
  3.0  1.0  1.5 -170.0144 6.0000
  3.0  2.0  2.5 -132.378510.0000
  4.0   .0   .5  -41.7232 2.0000
  4.0  1.0  1.5  -30.9771 6.0000
  4.0  2.0  2.5  -17.371010.0000
  4.0  3.0  3.5   -2.298014.0000
  5.0   .0   .5   -5.6673 2.0000
  5.0  1.0  1.5   -3.0418 6.0000
  5.0  2.0  2.5    -.2439 5.0000
  6.0   .0   .5    -.3781 1.0000
  6.0  1.0   .5    -.2800  .0000
  5.0  3.0  2.5    -.1000  .0000
