Pt: s1d9                                
   1678.00   .002000 195.08000 125.   .50E-04 .100  400FPE 68.00000
   .7  1.0   0
  1.0   .0   .5-5726.3684 2.0000
  2.0   .0   .5-1006.8630 2.0000
  2.0  1.0  1.5 -873.5299 6.0000
  3.0   .0   .5 -236.6521 2.0000
  3.0  1.0  1.5 -197.7491 6.0000
  3.0  2.0  2.5 -155.530710.0000
  4.0   .0   .5  -50.8477 2.0000
  4.0  1.0  1.5  -38.0674 6.0000
  4.0  2.0  2.5  -22.516610.0000
  4.0  3.0  3.5   -5.177614.0000
  5.0   .0   .5   -7.4409 2.0000
  5.0  1.0  1.5   -4.1015 6.0000
  5.0  2.0  2.5    -.4531 9.0000
  6.0   .0   .5    -.4134 1.0000
  6.0  1.0  1.5    -.5000  .0000
  5.0  3.0  2.5    -.1000  .0000
