Tc: 4p5s4d                              
   1243.00   .002000  98.90630 125.   .50E-05 .100  200FPE 36.00000
   .7  1.0   0
  1.0   .0   .5-1533.2864 2.0000
  2.0   .0   .5 -218.5358 2.0000
  2.0  1.0  1.5 -195.5436 6.0000
  3.0   .0   .5  -37.8698 2.0000
  3.0  1.0  1.5  -30.3243 6.0000
  3.0  2.0  2.5  -18.119410.0000
  4.0   .0   .5   -5.1683 2.0000
  4.0  1.0  1.5   -3.1188 6.0000
  4.0  2.0  2.5    -.3288 6.0000
  5.0   .0   .5    -.3065 1.0000
  5.0  1.0   .5    -.2098  .0000
  4.0  3.0  2.5    -.1000  .0000
