Hg: 10s 2d fine mesh  91                
   1580.00   .002000 200.59000 125.   .50E-04 .100  400FPE 68.00000
   .7  1.0   0
  1.0   .0   .5-6072.2891 2.0000
  2.0   .0   .5-1077.1174 2.0000
  2.0  1.0  1.5 -929.8081 6.0000
  3.0   .0   .5 -255.7698 2.0000
  3.0  1.0  1.5 -213.1332 6.0000
  3.0  2.0  2.5 -168.258610.0000
  4.0   .0   .5  -56.2353 2.0000
  4.0  1.0  1.5  -42.2332 6.0000
  4.0  2.0  2.5  -25.592710.0000
  4.0  3.0  3.5   -7.078614.0000
  5.0   .0   .5   -8.6376 2.0000
  5.0  1.0  1.5   -4.8711 6.0000
  5.0  2.0  2.5    -.727810.0000
  6.0   .0   .5    -.4985 2.0000
  6.0  1.0  1.5    -.5000  .0000
