I : s2p5                                
   1353.00   .002000 126.90400 125.   .10E-05 .100  200FPE 46.00000
   .7  1.0   0
  1.0   .0   .5-2423.6951 2.0000
  2.0   .0   .5 -374.4420 2.0000
  2.0  1.0  1.5 -336.0335 6.0000
  3.0   .0   .5  -75.5765 2.0000
  3.0  1.0  1.5  -63.1366 6.0000
  3.0  2.0  2.5  -44.522210.0000
  4.0   .0   .5  -13.2703 2.0000
  4.0  1.0  1.5   -9.3732 6.0000
  4.0  2.0  2.5   -3.694910.0000
  5.0   .0   .5   -1.2793 2.0000
  5.0  1.0   .5    -.5207 5.0000
  5.0  2.0  1.5    -.5200  .0000
  4.0  3.0  2.5    -.5200  .0000
