Nd : [core=Xe4]                         
   1460.00   .002000 144.24000 125.   .10E-04 .080  400FPE 46.00000
   .7  1.0   0
  1.0   .0   .5-3189.5034 2.0000
  2.0   .0   .5 -516.2405 2.0000
  2.0  1.0  1.5 -461.4589 6.0000
  3.0   .0   .5 -112.4439 2.0000
  3.0  1.0  1.5  -95.1773 6.0000
  3.0  2.0  2.5  -71.246110.0000
  4.0   .0   .5  -22.7634 2.0000
  4.0  1.0  1.5  -17.0983 6.0000
  4.0  2.0  2.5   -9.046910.0000
  5.0   .0   .5   -3.2112 2.0000
  6.0   .0   .5    -.2843 2.0000
  5.0  1.0  1.5   -1.8129 6.0000
  5.0  2.0  2.5    -.2150 1.0000
  4.0  3.0  2.5    -.5086 3.0000
