Ac:                                     
   1889.00   .002000 227.02780 125.   .10E-05 .100  400FPE 78.00000
   .7  1.0   0
  1.0   .0   .5-7814.9964 2.0000
  2.0   .0   .5-1443.6347 2.0000
  2.0  1.0  1.5-1213.3930 6.0000
  3.0   .0   .5 -360.2899 2.0000
  3.0  1.0  1.5 -295.7358 6.0000
  3.0  2.0  2.5 -236.972010.0000
  4.0   .0   .5  -89.5588 2.0000
  4.0  1.0  1.5  -68.4182 6.0000
  4.0  2.0  2.5  -46.171210.0000
  4.0  3.0  3.5  -22.144614.0000
  5.0   .0   .5  -19.2178 2.0000
  5.0  1.0  1.5  -12.8335 6.0000
  5.0  2.0  2.5   -5.893710.0000
  6.0   .0   .5   -2.9692 2.0000
  7.0   .0   .5    -.2892 2.0000
  6.0  1.0  1.5   -1.4765 6.0000
  6.0  2.0  1.5    -.1677  .9999
  5.0  3.0  2.5    -.0077  .0001
