Pr : [core=Xe4]                         
   1459.00   .002000 140.90700 125.   .10E-04 .080  400FPE 46.00000
   .7  1.0   0
  1.0   .0   .5-3072.9772 2.0000
  2.0   .0   .5 -494.7250 2.0000
  2.0  1.0  1.5 -442.6404 6.0000
  3.0   .0   .5 -107.1750 2.0000
  3.0  1.0  1.5  -90.6881 6.0000
  3.0  2.0  2.5  -67.563510.0000
  4.0   .0   .5  -21.7016 2.0000
  4.0  1.0  1.5  -16.3050 6.0000
  4.0  2.0  2.5   -8.587610.0000
  5.0   .0   .5   -3.0986 2.0000
  6.0   .0   .5    -.2798 2.0000
  5.0  1.0  1.5   -1.7614 6.0000
  5.0  2.0  2.5    -.2206 1.0000
  4.0  3.0  2.5    -.4580 2.0000
