Tl:                                     
   1781.00   .002000 204.38000 125.   .50E-04 .100  400FPE 78.00000
   .7  1.0   0
  1.0   .0   .5-6291.0052 2.0000
  2.0   .0   .5-1119.9078 2.0000
  2.0  1.0  1.5 -962.8939 6.0000
  3.0   .0   .5 -267.3183 2.0000
  3.0  1.0  1.5 -222.1501 6.0000
  3.0  2.0  2.5 -175.452410.0000
  4.0   .0   .5  -59.6695 2.0000
  4.0  1.0  1.5  -44.8695 6.0000
  4.0  2.0  2.5  -27.548810.0000
  4.0  3.0  3.5   -8.382014.0000
  5.0   .0   .5   -9.6239 2.0000
  5.0  1.0  1.5   -5.5899 6.0000
  5.0  2.0  2.5   -1.138210.0000
  6.0   .0   .5    -.7014 2.0000
  6.0  1.0  1.5    -.1742 1.0000
  6.0  2.0  2.5    -.1000  .0000
  5.0  3.0  2.5    -.2000  .0000
