Sm : [core=Xe4]                         
   1462.00   .002000 150.36000 125.   .10E-04 .080  400FPE 46.00000
   .7  1.0   0
  1.0   .0   .5-3430.1965 2.0000
  2.0   .0   .5 -560.8876 2.0000
  2.0  1.0  1.5 -500.2918 6.0000
  3.0   .0   .5 -123.3363 2.0000
  3.0  1.0  1.5 -104.4045 6.0000
  3.0  2.0  2.5  -78.801910.0000
  4.0   .0   .5  -24.9198 2.0000
  4.0  1.0  1.5  -18.6894 6.0000
  4.0  2.0  2.5   -9.951710.0000
  5.0   .0   .5   -3.4327 2.0000
  6.0   .0   .5    -.2936 2.0000
  5.0  1.0  1.5   -1.9100 6.0000
  5.0  2.0  2.5    -.2015 1.0000
  4.0  3.0  2.5    -.5863 5.0000
