Au: s1d10                               
   1679.00   .002000 196.96650 125.   .50E-04 .050  400FPE 68.00000
   .7  1.0   0
  1.0   .0   .5-5897.5050 2.0000
  2.0   .0   .5-1041.4475 2.0000
  2.0  1.0  1.5 -901.2973 6.0000
  3.0   .0   .5 -245.9632 2.0000
  3.0  1.0  1.5 -205.2369 6.0000
  3.0  2.0  2.5 -161.707910.0000
  4.0   .0   .5  -53.3816 2.0000
  4.0  1.0  1.5  -40.0044 6.0000
  4.0  2.0  2.5  -23.915210.0000
  4.0  3.0  3.5   -5.990814.0000
  5.0   .0   .5   -7.9188 2.0000
  5.0  1.0  1.5   -4.3766 6.0000
  5.0  2.0  2.5    -.507310.0000
  6.0   .0   .5    -.4208 1.0000
  6.0  1.0  1.5    -.5000  .0000
  5.0  3.0  2.5    -.1000  .0000
