Ta:  6s5d                             
   1673.00   .002000 180.94790 125.   .50E-04 .100  400FPE 68.00000
   .7  1.0   0
  1.0   .0   .5-4919.8688 2.0000
  2.0   .0   .5 -846.0031 2.0000
  2.0  1.0  1.5 -742.1628 6.0000
  3.0   .0   .5 -193.8176 2.0000
  3.0  1.0  1.5 -162.8634 6.0000
  3.0  2.0  2.5 -126.690810.0000
  4.0   .0   .5  -39.4058 2.0000
  4.0  1.0  1.5  -29.2326 6.0000
  4.0  2.0  2.5  -16.180210.0000
  4.0  3.0  3.5   -1.709114.0000
  5.0   .0   .5   -5.2127 2.0000
  5.0  1.0  1.5   -2.7711 6.0000
  5.0  2.0  2.5    -.1956 4.0000
  6.0   .0   .5    -.3632 1.0000
  6.0  1.0  1.5    -.1000 0.0000
  5.0  3.0  2.5    -.1000  .0000
