Os: 6s5d                              
   1676.00   .002000 190.20000 125.   .10E-03 .100  400FPE 68.00000
   .7  1.0   0
  1.0   .0   .5-5394.1019 2.0000
  2.0   .0   .5 -940.1535 2.0000
  2.0  1.0  1.5 -819.4926 6.0000
  3.0   .0   .5 -218.7816 2.0000
  3.0  1.0  1.5 -183.2804 6.0000
  3.0  2.0  2.5 -143.579010.0000
  4.0   .0   .5  -46.0226 2.0000
  4.0  1.0  1.5  -34.3576 6.0000
  4.0  2.0  2.5  -19.844710.0000
  4.0  3.0  3.5   -3.665014.0000
  5.0   .0   .5   -6.5187 2.0000
  5.0  1.0  1.5   -3.5611 6.0000
  5.0  2.0  2.5    -.3474 7.0000
  6.0   .0   .5    -.3970 1.0000
  6.0  1.0  1.5    -.2000 0.0000
  5.0  3.0  2.5    -.5000  .0000
