Pb:                                     
   1782.00   .002000 207.20000 125.   .50E-04 .100  400FPE 78.00000
   .7  1.0   0
  1.0   .0   .5-6474.5680 2.0000
  2.0   .0   .5-1157.8436 2.0000
  2.0  1.0  1.5 -992.8231 6.0000
  3.0   .0   .5 -277.9485 2.0000
  3.0  1.0  1.5 -230.6550 6.0000
  3.0  2.0  2.5 -182.517210.0000
  4.0   .0   .5  -62.9355 2.0000
  4.0  1.0  1.5  -47.4425 6.0000
  4.0  2.0  2.5  -29.537110.0000
  4.0  3.0  3.5   -9.768314.0000
  5.0   .0   .5  -10.5907 2.0000
  5.0  1.0  1.5   -6.3052 6.0000
  5.0  2.0  2.5   -1.556510.0000
  6.0   .0   .5    -.8847 2.0000
  6.0  1.0  1.5    -.2570 2.0000
  6.0  2.0  2.5    -.1000  .0000
  5.0  3.0  2.5    -.2000  .0000
