Np:  [Xe,5d,4f]                         
   1893.00   .002000 237.04820 125.   .20E-05 .050  400FPE 78.00000
   .7  1.0   0
  1.0   .0   .5-8696.0915 2.0000
  2.0   .0   .5-1633.8689 2.0000
  2.0  1.0  1.5-1353.2608 6.0000
  3.0   .0   .5 -414.6952 2.0000
  3.0  1.0  1.5 -336.9380 6.0000
  3.0  2.0  2.5 -270.837310.0000
  4.0   .0   .5 -106.7514 2.0000
  4.0  1.0  1.5  -81.3351 6.0000
  4.0  2.0  2.5  -56.182010.0000
  4.0  3.0  3.5  -29.560014.0000
  5.0   .0   .5  -24.1791 2.0000
  5.0  1.0  1.5  -16.2618 6.0000
  5.0  2.0  2.5   -8.014910.0000
  6.0   .0   .5   -3.8607 2.0000
  7.0   .0   .5    -.3424 2.0000
  6.0  1.0  1.5   -1.9151 6.0000
  6.0  2.0  1.5    -.2275 2.0000
  5.0  3.0  2.5    -.5643 3.0000
