Zr: 5s4d5p                              
   1240.00   .002000  91.22400 125.   .50E-05 .100  200FPE 36.00000
   .7  1.0   0
  1.0   .0   .5-1309.7342 2.0000
  2.0   .0   .5 -181.3259 2.0000
  2.0  1.0  1.5 -161.6667 6.0000
  3.0   .0   .5  -29.5819 2.0000
  3.0  1.0  1.5  -23.1789 6.0000
  3.0  2.0  2.5  -12.674510.0000
  4.0   .0   .5   -3.8524 2.0000
  4.0  1.0  1.5   -2.2421 6.0000
  4.0  2.0  2.5    -.1715 3.0000
  5.0   .0   .5    -.2824 1.0000
  5.0  1.0   .5    -.2000  .0000
  4.0  3.0  2.5    -.1000  .0000
