Sb: s2p3                                
   1351.00   .002000 121.75000 125.   .10E-05 .100  200FPE 46.00000
   .7  1.0   0
  1.0   .0   .5-2216.5116 2.0000
  2.0   .0   .5 -337.6616 2.0000
  2.0  1.0  1.5 -303.4373 6.0000
  3.0   .0   .5  -66.2333 2.0000
  3.0  1.0  1.5  -55.0340 6.0000
  3.0  2.0  2.5  -37.888110.0000
  4.0   .0   .5  -10.9029 2.0000
  4.0  1.0  1.5   -7.4673 6.0000
  4.0  2.0  2.5   -2.465910.0000
  5.0   .0   .5    -.9406 2.0000
  5.0  1.0   .5    -.3553 3.0000
  5.0  2.0  1.5    -.3000  .0000
  4.0  3.0  2.5    -.3000  .0000
