Te: s2p4                                
   1352.00   .002000 127.60000 125.   .10E-05 .100  200FPE 46.00000
   .7  1.0   0
  1.0   .0   .5-2324.0932 2.0000
  2.0   .0   .5 -356.3763 2.0000
  2.0  1.0  1.5 -319.8774 6.0000
  3.0   .0   .5  -70.9227 2.0000
  3.0  1.0  1.5  -59.0643 6.0000
  3.0  2.0  2.5  -41.149410.0000
  4.0   .0   .5  -12.0795 2.0000
  4.0  1.0  1.5   -8.4064 6.0000
  4.0  2.0  2.5   -3.061110.0000
  5.0   .0   .5   -1.1104 2.0000
  5.0  1.0   .5    -.4375 4.0000
  5.0  2.0  1.5    -.4000  .0000
  4.0  3.0  2.5    -.4000  .0000
