Pa:  [Xe,5d,4f]                         
   1891.00   .002000 231.03590 125.   .20E-05 .050  400FPE 78.00000
   .7  1.0   0
  1.0   .0   .5-8246.7999 2.0000
  2.0   .0   .5-1536.6279 2.0000
  2.0  1.0  1.5-1282.4432 6.0000
  3.0   .0   .5 -387.0414 2.0000
  3.0  1.0  1.5 -316.2043 6.0000
  3.0  2.0  2.5 -253.870210.0000
  4.0   .0   .5  -98.1686 2.0000
  4.0  1.0  1.5  -74.9906 6.0000
  4.0  2.0  2.5  -51.325010.0000
  4.0  3.0  3.5  -26.014814.0000
  5.0   .0   .5  -21.8707 2.0000
  5.0  1.0  1.5  -14.7459 6.0000
  5.0  2.0  2.5   -7.146110.0000
  6.0   .0   .5   -3.5332 2.0000
  7.0   .0   .5    -.3300 2.0000
  6.0  1.0  1.5   -1.7872 6.0000
  6.0  2.0  1.5    -.2310 2.0000
  5.0  3.0  2.5    -.3903 1.0000
