Bi:                                     
   1783.00   .002000 208.98000 125.   .50E-04 .100  400FPE 78.00000
   .7  1.0   0
  1.0   .0   .5-6661.8269 2.0000
  2.0   .0   .5-1196.7275 2.0000
  2.0  1.0  1.5-1023.2990 6.0000
  3.0   .0   .5 -288.8818 2.0000
  3.0  1.0  1.5 -239.3608 6.0000
  3.0  2.0  2.5 -189.743510.0000
  4.0   .0   .5  -66.3143 2.0000
  4.0  1.0  1.5  -50.0956 6.0000
  4.0  2.0  2.5  -31.591210.0000
  4.0  3.0  3.5  -11.215814.0000
  5.0   .0   .5  -11.5918 2.0000
  5.0  1.0  1.5   -7.0415 6.0000
  5.0  2.0  2.5   -1.990410.0000
  6.0   .0   .5   -1.0638 2.0000
  6.0  1.0  1.5    -.3359 3.0000
  6.0  2.0  2.5    -.2000  .0000
  5.0  3.0  2.5    -.2000  .0000
