In: s2p1                                
   1349.00   .002000 114.82000 125.   .10E-05 .100  200FPE 46.00000
   .7  1.0   0
  1.0   .0   .5-2039.4144 2.0000
  2.0   .0   .5 -305.3430 2.0000
  2.0  1.0  1.5 -274.0319 6.0000
  3.0   .0   .5  -57.9434 2.0000
  3.0  1.0  1.5  -47.6944 6.0000
  3.0  2.0  2.5  -31.794410.0000
  4.0   .0   .5   -8.7930 2.0000
  4.0  1.0  1.5   -5.7408 6.0000
  4.0  2.0  2.5   -1.368710.0000
  5.0   .0   .5    -.6035 2.0000
  5.0  1.0   .5    -.1851 1.0000
  5.0  2.0  2.5    -.1000  .0000
  4.0  3.0  2.5    -.2000  .0000
