Lu : [core=Xe4]                         
   1471.00   .002000 174.96700 125.   .10E-04 .080  400FPE 46.00000
   .7  1.0   0
  1.0   .0   .5-4619.2979 2.0000
  2.0   .0   .5 -787.0997 2.0000
  2.0  1.0  1.5 -693.1677 6.0000
  3.0   .0   .5 -178.4677 2.0000
  3.0  1.0  1.5 -150.2137 6.0000
  3.0  2.0  2.5 -116.239410.0000
  4.0   .0   .5  -35.5130 2.0000
  4.0  1.0  1.5  -26.2248 6.0000
  4.0  2.0  2.5  -14.081010.0000
  4.0  3.0  2.5    -.721214.0000
  5.0   .0   .5   -4.4632 2.0000
  6.0   .0   .5    -.3416 2.0000
  5.0  1.0  1.5   -2.3190 6.0000
  5.0  2.0  2.5    -.1302 1.0000
