Pu:  [Xe,5d,4f]                         
   1894.00   .002000 244.06420 125.   .20E-05 .050  400FPE 78.00000
   .7  1.0   0
  1.0   .0   .5-8927.7217 2.0000
  2.0   .0   .5-1684.3074 2.0000
  2.0  1.0  1.5-1389.4732 6.0000
  3.0   .0   .5 -429.0284 2.0000
  3.0  1.0  1.5 -347.5506 6.0000
  3.0  2.0  2.5 -279.488810.0000
  4.0   .0   .5 -111.1822 2.0000
  4.0  1.0  1.5  -84.5642 6.0000
  4.0  2.0  2.5  -58.640410.0000
  4.0  3.0  3.5  -31.352414.0000
  5.0   .0   .5  -25.3471 2.0000
  5.0  1.0  1.5  -17.0083 6.0000
  5.0  2.0  2.5   -8.432910.0000
  6.0   .0   .5   -4.0182 2.0000
  7.0   .0   .5    -.3486 2.0000
  6.0  1.0  1.5   -1.9717 6.0000
  6.0  2.0  1.5    -.2236 2.0000
  5.0  3.0  2.5    -.6443 4.0000
