Ag : s1 d10                             
   1247.00   .002000 107.86820 125.   .50E-05 .100  200FPE 36.00000
   .7  1.0   0
  1.0   .0   .5-1853.1965 2.0000
  2.0   .0   .5 -273.1472 2.0000
  2.0  1.0  1.5 -245.2465 6.0000
  3.0   .0   .5  -50.0942 2.0000
  3.0  1.0  1.5  -40.8927 6.0000
  3.0  2.0  2.5  -26.333410.0000
  4.0   .0   .5   -6.9609 2.0000
  4.0  1.0  1.5   -4.2951 6.0000
  4.0  2.0  2.5    -.548410.0000
  5.0   .0   .5    -.3229 1.0000
  5.0  1.0   .5    -.1000  .0000
  4.0  3.0  2.5    -.1000  .0000
