Pm : [core=Xe4]                         
   1461.00   .002000 146.91500 125.   .10E-04 .080  400FPE 46.00000
   .7  1.0   0
  1.0   .0   .5-3308.5651 2.0000
  2.0   .0   .5 -538.2905 2.0000
  2.0  1.0  1.5 -480.6742 6.0000
  3.0   .0   .5 -117.8288 2.0000
  3.0  1.0  1.5  -99.7478 6.0000
  3.0  2.0  2.5  -74.990910.0000
  4.0   .0   .5  -23.8347 2.0000
  4.0  1.0  1.5  -17.8920 6.0000
  4.0  2.0  2.5   -9.500710.0000
  5.0   .0   .5   -3.3222 2.0000
  6.0   .0   .5    -.2889 2.0000
  5.0  1.0  1.5   -1.8622 6.0000
  5.0  2.0  2.5    -.2085 1.0000
  4.0  3.0  2.5    -.5509 4.0000
