Cs: 5s5p6s                              
   1355.00   .002000 132.90000 125.   .50E-04 .100  400FPE 46.00000
   .7  1.0   0
  1.0   .0   .5-2630.5009 2.0000
  2.0   .0   .5 -412.5894 2.0000
  2.0  1.0  1.5 -370.0628 6.0000
  3.0   .0   .5  -85.7777 2.0000
  3.0  1.0  1.5  -72.0996 6.0000
  3.0  2.0  2.5  -52.041710.0000
  4.0   .0   .5  -16.1871 2.0000
  4.0  1.0  1.5  -11.8155 6.0000
  4.0  2.0  2.5   -5.456110.0000
  5.0   .0   .5   -1.9645 2.0000
  6.0   .0   .5    -.1533 1.0000
  5.0  1.0  1.5    -.9934 6.0000
  5.0  2.0  2.5    -.0304  .0000
