Sn: s2p2                                
   1350.00   .002000 118.71000 125.   .10E-05 .100  200FPE 46.00000
   .7  1.0   0
  1.0   .0   .5-2131.9754 2.0000
  2.0   .0   .5 -321.8331 2.0000
  2.0  1.0  1.5 -288.8784 6.0000
  3.0   .0   .5  -62.1077 2.0000
  3.0  1.0  1.5  -51.3436 6.0000
  3.0  2.0  2.5  -34.785410.0000
  4.0   .0   .5   -9.8416 2.0000
  4.0  1.0  1.5   -6.5909 6.0000
  4.0  2.0  2.5   -1.899010.0000
  5.0   .0   .5    -.7753 2.0000
  5.0  1.0   .5    -.2715 2.0000
  5.0  2.0  1.5    -.1000  .0000
  4.0  3.0  2.5    -.3000  .0000
