Tm : [core=Xe4]                         
   1469.00   .002000 168.93000 125.   .10E-04 .080  400FPE 46.00000
   .7  1.0   0
  1.0   .0   .5-4331.5201 2.0000
  2.0   .0   .5 -731.9910 2.0000
  2.0  1.0  1.5 -647.0234 6.0000
  3.0   .0   .5 -165.0633 2.0000
  3.0  1.0  1.5 -139.2710 6.0000
  3.0  2.0  2.5 -107.368210.0000
  4.0   .0   .5  -32.9535 2.0000
  4.0  1.0  1.5  -24.4528 6.0000
  4.0  2.0  2.5  -13.135310.0000
  4.0  3.0  2.5    -.716612.0000
  5.0   .0   .5   -4.2161 2.0000
  6.0   .0   .5    -.3295 2.0000
  5.0  1.0  1.5   -2.2263 6.0000
  5.0  2.0  2.5    -.1466 1.0000
