U:  [Xe,5d,4f]                          
   1892.00   .002000 238.02890 125.   .20E-05 .050  400FPE 78.00000
   .7  1.0   0
  1.0   .0   .5-8469.1601 2.0000
  2.0   .0   .5-1584.6560 2.0000
  2.0  1.0  1.5-1317.5869 6.0000
  3.0   .0   .5 -400.7044 2.0000
  3.0  1.0  1.5 -326.4913 6.0000
  3.0  2.0  2.5 -262.299410.0000
  4.0   .0   .5 -102.4162 2.0000
  4.0  1.0  1.5  -78.1457 6.0000
  4.0  2.0  2.5  -53.745210.0000
  4.0  3.0  3.5  -27.782314.0000
  5.0   .0   .5  -23.0223 2.0000
  5.0  1.0  1.5  -15.5093 6.0000
  5.0  2.0  2.5   -7.587310.0000
  6.0   .0   .5   -3.6999 2.0000
  7.0   .0   .5    -.3362 2.0000
  6.0  1.0  1.5   -1.8541 6.0000
  6.0  2.0  1.5    -.2301 2.0000
  5.0  3.0  2.5    -.4800 2.0000
