Hf: 5p6s5d                              
   1572.00   .002000 178.49000 125.   .50E-04 .100  400FPE 62.00000
   .7  1.0   0
  1.0   .0   .5-4768.0301 2.0000
  2.0   .0   .5 -816.1440 2.0000
  2.0  1.0  1.5 -717.3804 6.0000
  3.0   .0   .5 -185.9847 2.0000
  3.0  1.0  1.5 -156.4116 6.0000
  3.0  2.0  2.5 -121.352910.0000
  4.0   .0   .5  -37.3763 2.0000
  4.0  1.0  1.5  -27.6558 6.0000
  4.0  2.0  2.5  -15.064110.0000
  4.0  3.0  3.5   -1.152114.0000
  5.0   .0   .5   -4.7964 2.0000
  5.0  1.0  1.5   -2.5112 6.0000
  5.0  2.0  2.5    -.1470 3.0000
  6.0   .0   .5    -.3467 1.0000
  5.0  3.0  2.5    -.1000  .0000
