Gd : [core=Xe4]                         
   1464.00   .002000 157.25000 125.   .10E-04 .080  400FPE 46.00000
   .7  1.0   0
  1.0   .0   .5-3681.3079 2.0000
  2.0   .0   .5 -607.7704 2.0000
  2.0  1.0  1.5 -540.7512 6.0000
  3.0   .0   .5 -134.7414 2.0000
  3.0  1.0  1.5 -113.9907 6.0000
  3.0  2.0  2.5  -86.633510.0000
  4.0   .0   .5  -27.1426 2.0000
  4.0  1.0  1.5  -20.3045 6.0000
  4.0  2.0  2.5  -10.852810.0000
  5.0   .0   .5   -3.6548 2.0000
  6.0   .0   .5    -.3032 2.0000
  5.0  1.0  1.5   -2.0031 6.0000
  5.0  2.0  2.5    -.1862 1.0000
  4.0  3.0  2.5    -.6405 7.0000
